# Nota: C-Order, 1 refers to the Y axis, 2 to the X axis 
# Calibration done at Wed Feb 28 16:54:36 2024
poni_version: 2
Detector: Detector
Detector_config: {"pixel1": 0.00017199999999999998, "pixel2": 0.00017199999999999998, "max_shape": null}
Distance: 0.21131807888775977
Poni1: 0.09037558065194548
Poni2: 0.08404998444289956
Rot1: 0.0002369738519685619
Rot2: 0.0014384861374195596
Rot3: 0.0
Wavelength: 4.0660000000000005e-11
